1111111111111111111111111111111111111111111111
1000000000000000000000000000000000000000000001
1000000000000000000000000000000000000000000001
1111223322111000000221111000000000001000000001
1000000000000000000000000000000000002000111221
1000000000000000000000000000000000002000000001
1000000000100111111111110012221110001000000001
1002221100200100000000010010000020000000000001
1000000100200200000000030020000020000000000001
1000000100100000002000000020000010000111221001
1000000100000000000000000011112210000100000001
1000000000000300000000020000000000000100000001
1000000000000111111111110000000000000100011111
1001122200100000000000000001111220000000000001
1000000000100000000000000001000000000000000001
1000000000100210000000010001000000000001200001
1000000000100000010000010000000000010000000001
1000000000100000010000010000000000010000000001
1111111111111111111111111111111111111111111111


